cpu  9412684 990458 4449047 7312582383 384233 298187 334514 12 0 0
cpu0 299090 29975 120612 75746512 15938 5157 95639 1 0 0
cpu1 127756 19847 118826 76074192 12179 5914 17624 0 0 0
cpu2 97617 12312 156503 76161450 4527 4222 7044 3 0 0
cpu3 87094 9912 103370 76192136 2658 3829 3563 0 0 0
intr 987654321 25 0 0 0 1054 0 0 0 1 0 0 0 0 0 0 0
ctxt 1234567890
btime 1751234567
processes 4242424
procs_running 3
procs_blocked 0
softirq 271234567 3 96070736 2226 12341234 675028 0 27403 65422159 3 96774775
